Efficiency           Plateau  Turnon   Resol  PtCut  Plat2
2011A_1-163261_SingleMu_barrel   0.937    0.74   3.893  30.000  0.938
2011A_1-163261_SingleMu_endcap   0.871   12.02   0.170  30.000  0.878
2011A_1-163261_SingleMu_forward   0.717   14.17   5.000  30.000  0.625
2011A_164238-167043_SingleMu_barrel   0.889   16.97   0.287  30.000  0.944
2011A_164238-167043_SingleMu_endcap   0.856   16.98   0.159  30.000  0.905
2011A_164238-167043_SingleMu_forward   0.746   17.56   0.480  30.000  0.791
2011A_167044-167913_SingleMu_barrel   0.890   16.98   0.334  30.000  0.945
2011A_167044-167913_SingleMu_endcap   0.848   16.91   0.294  30.000  0.903
2011A_167044-167913_SingleMu_forward   0.132   27.36   0.112  30.000  0.775
2011A_167914-173235_SingleMu_barrel   0.872   20.13   0.271  30.000  0.931
2011A_167914-173235_SingleMu_endcap   0.829   19.88   0.347  30.000  0.884
2011A_167914-173235_SingleMu_forward   0.533   19.84   0.436  30.000  0.547
2011B_173236-175910_SingleMu_barrel   0.852   19.54   0.102  40.000  0.925
2011B_173236-175910_SingleMu_endcap   0.814   19.84   0.319  40.000  0.870
2011B_173236-175910_SingleMu_forward   0.504   19.15   0.107  40.000  0.544
2011B_175911-175921_SingleMu_barrel   0.844   23.55   0.111  40.000  0.918
2011B_175911-175921_SingleMu_endcap   0.786   23.83   0.387  40.000  0.839
2011B_175911-175921_SingleMu_forward   0.465   23.18   0.119  40.000  0.587
2011B_175973-176544_SingleMu_barrel   0.854   23.92   0.269  40.000  0.932
2011B_175973-176544_SingleMu_endcap   0.804   23.83   0.368  40.000  0.875
2011B_175973-176544_SingleMu_forward   0.000    0.00   1.000  40.000  0.000
2011B_176545-999999_SingleMu_barrel   0.851   30.02   0.326  40.000  0.934
2011B_176545-999999_SingleMu_endcap   0.799   29.53   0.509  40.000  0.872
2011B_176545-999999_SingleMu_forward   0.000   14.51   5.000  40.000  0.000
2011A_165085-175769_Mu13_Mu8leg_barrel   0.000    0.00   0.000  8.000  0.964
2011A_165085-175769_Mu13_Mu8leg_endcap   0.000    0.00   0.000  8.000  0.954
2011A_165085-175769_Mu13_Mu8leg_forward   0.000    0.00   0.000  8.000  0.905
2011A_165085-175769_Mu13leg_Mu8_barrel   0.963   13.00   0.187  999.000  0.000
2011A_165085-175769_Mu13leg_Mu8_endcap   0.950   12.89   0.236  999.000  0.000
2011A_165085-175769_Mu13leg_Mu8_forward   0.884   12.93   0.310  999.000  0.000
2011B_175832-178419_Mu13_Mu8leg_barrel   0.000    0.00   0.000  8.000  0.957
2011B_175832-178419_Mu13_Mu8leg_endcap   0.000    0.00   0.000  8.000  0.940
2011B_175832-178419_Mu13_Mu8leg_forward   0.000    0.00   0.000  8.000  0.869
2011B_175832-178419_Mu13leg_Mu8_barrel   0.957   13.01   0.228  999.000  0.000
2011B_175832-178419_Mu13leg_Mu8_endcap   0.936   12.89   0.243  999.000  0.000
2011B_175832-178419_Mu13leg_Mu8_forward   0.855   12.91   0.286  999.000  0.000
2011B_178420-999999_Mu17_Mu8leg_barrel   0.000    0.00   0.000  8.000  0.957
2011B_178420-999999_Mu17_Mu8leg_endcap   0.000    0.00   0.000  8.000  0.930
2011B_178420-999999_Mu17_Mu8leg_forward   0.000    0.00   0.000  8.000  0.862
2011B_178420-999999_Mu17leg_Mu8_barrel   0.957   17.03   0.356  999.000  0.000
2011B_178420-999999_Mu17leg_Mu8_endcap   0.926   16.83   0.489  999.000  0.000
2011B_178420-999999_Mu17leg_Mu8_forward   0.842   16.87   0.605  999.000  0.000
2011B_178420-999999_Mu17_TkMu8_Inclusive_barrel   0.000    0.00   0.000  8.000  0.981
2011B_178420-999999_Mu17_TkMu8_Inclusive_endcap   0.000    0.00   0.000  8.000  0.985
2011B_178420-999999_Mu17_TkMu8_Inclusive_forward   0.000    0.00   0.000  8.000  0.959
2011B_178420-999999_Mu17_TkMu8_Exclusive_barrel   0.000    0.00   0.000  8.000  0.025
2011B_178420-999999_Mu17_TkMu8_Exclusive_endcap   0.000    0.00   0.000  8.000  0.056
2011B_178420-999999_Mu17_TkMu8_Exclusive_forward   0.000    0.00   0.000  8.000  0.101
2011B_178420-999999_Mu17_TkMu8_OR_barrel   0.000    0.00   0.000  8.000  0.981
2011B_178420-999999_Mu17_TkMu8_OR_endcap   0.000    0.00   0.000  8.000  0.985
2011B_178420-999999_Mu17_TkMu8_OR_forward   0.000    0.00   0.000  8.000  0.959
2011A_100001-170052_Ele17_Ele8_Ele17Leg_fromSC17_barrel   0.998    6.20   4.603  999.000  0.000
2011A_100001-170052_Ele17_Ele8_Ele17Leg_fromSC17_endcap   0.996    6.73   0.417  999.000  0.000
2011A_100001-170052_Ele17_Ele8_Ele8Leg_fromSC17_barrel   0.999   -1.00   4.558  999.000  0.000
2011A_100001-170052_Ele17_Ele8_Ele8Leg_fromSC17_endcap   1.000    0.61   4.345  999.000  0.000
2011A_100001-170052_Ele17_Ele8_Ele17Leg_fromSC8_barrel   0.463   17.54   0.528  999.000  0.000
2011A_100001-170052_Ele17_Ele8_Ele17Leg_fromSC8_endcap   0.474   17.50   0.449  999.000  0.000
2011A_100001-170052_Ele17_Ele8_Ele8Leg_fromSC8_barrel   0.465   -0.76   0.585  999.000  0.000
2011A_100001-170052_Ele17_Ele8_Ele8Leg_fromSC8_endcap   0.608   15.77   5.000  999.000  0.000
2011A_100001-170052_Ele17_Ele8_Ele17Leg_fromEle8_barrel   0.995   17.25   0.296  999.000  0.000
2011A_100001-170052_Ele17_Ele8_Ele17Leg_fromEle8_endcap   0.994   18.02   0.635  999.000  0.000
2011A_100001-170052_Ele17_Ele8_Ele8Leg_fromEle8_barrel   0.999   -1.00   3.176  999.000  0.000
2011A_100001-170052_Ele17_Ele8_Ele8Leg_fromEle8_endcap   1.000   -1.00   4.065  999.000  0.000
2011A_170053-175769_Ele17_Ele8_Tighter_Ele17Leg_fromSC17_barrel   0.986    1.39   5.000  999.000  0.000
2011A_170053-175769_Ele17_Ele8_Tighter_Ele17Leg_fromSC17_endcap   0.999   13.85   4.915  999.000  0.000
2011A_170053-175769_Ele17_Ele8_Tighter_Ele8Leg_fromSC17_barrel   0.987   -0.00   5.000  999.000  0.000
2011A_170053-175769_Ele17_Ele8_Tighter_Ele8Leg_fromSC17_endcap   0.991    6.91   5.000  999.000  0.000
2011A_170053-175769_Ele17_Ele8_Tighter_Ele17Leg_fromSC8_barrel   0.986   17.45   0.642  999.000  0.000
2011A_170053-175769_Ele17_Ele8_Tighter_Ele17Leg_fromSC8_endcap   0.989   19.70   0.880  999.000  0.000
2011A_170053-175769_Ele17_Ele8_Tighter_Ele8Leg_fromSC8_barrel   0.987   10.29   0.982  999.000  0.000
2011A_170053-175769_Ele17_Ele8_Tighter_Ele8Leg_fromSC8_endcap   0.990    6.54   0.227  999.000  0.000
2011A_170053-175769_Ele17_Ele8_Tighter_Ele17Leg_fromEle8_barrel   0.991   17.43   0.523  999.000  0.000
2011A_170053-175769_Ele17_Ele8_Tighter_Ele17Leg_fromEle8_endcap   0.991   19.17   1.055  999.000  0.000
2011A_170053-175769_Ele17_Ele8_Tighter_Ele8Leg_fromEle8_barrel   0.992    3.35   3.634  999.000  0.000
2011A_170053-175769_Ele17_Ele8_Tighter_Ele8Leg_fromEle8_endcap   0.996    4.65   5.000  999.000  0.000
2011B_175832-999999_Ele17_Ele8_Tighter_Ele17Leg_fromSC17_barrel   0.984    1.61   5.000  999.000  0.000
2011B_175832-999999_Ele17_Ele8_Tighter_Ele17Leg_fromSC17_endcap   0.984    4.11   5.000  999.000  0.000
2011B_175832-999999_Ele17_Ele8_Tighter_Ele8Leg_fromSC17_barrel   0.986    1.46   5.000  999.000  0.000
2011B_175832-999999_Ele17_Ele8_Tighter_Ele8Leg_fromSC17_endcap   0.989    6.77   5.000  999.000  0.000
2011B_175832-999999_Ele17_Ele8_Tighter_Ele17Leg_fromSC8_barrel   0.986   17.75   0.516  999.000  0.000
2011B_175832-999999_Ele17_Ele8_Tighter_Ele17Leg_fromSC8_endcap   0.985   20.79   1.147  999.000  0.000
2011B_175832-999999_Ele17_Ele8_Tighter_Ele8Leg_fromSC8_barrel   0.987    2.03   4.795  999.000  0.000
2011B_175832-999999_Ele17_Ele8_Tighter_Ele8Leg_fromSC8_endcap   0.987    6.27   5.000  999.000  0.000
2011B_175832-999999_Ele17_Ele8_Tighter_Ele17Leg_fromEle8_barrel   0.990   17.53   0.541  999.000  0.000
2011B_175832-999999_Ele17_Ele8_Tighter_Ele17Leg_fromEle8_endcap   0.994   20.08   1.250  999.000  0.000
2011B_175832-999999_Ele17_Ele8_Tighter_Ele8Leg_fromEle8_barrel   0.992    0.91   4.897  999.000  0.000
2011B_175832-999999_Ele17_Ele8_Tighter_Ele8Leg_fromEle8_endcap   0.995    5.20   5.000  999.000  0.000
2011A_100001-164237_SingleEl_barrel   0.961   27.60   0.504  999.000  0.000
2011A_100001-164237_SingleEl_endcap   0.952   29.47   0.896  999.000  0.000
2011A_165085-166967_SingleEl_barrel   0.959   32.70   0.545  999.000  0.000
2011A_165085-166967_SingleEl_endcap   0.953   33.60   0.743  999.000  0.000
2011A_166968-170901_SingleEl_barrel   0.966   53.12   0.705  999.000  0.000
2011A_166968-170901_SingleEl_endcap   0.971   55.19   1.125  999.000  0.000
2011A_170902-175769_SingleEl_barrel   0.976   66.47   0.928  999.000  0.000
2011A_170902-175769_SingleEl_endcap   0.906   72.30   2.168  999.000  0.000
2011B_175832-178419_SingleEl_barrel   0.973   67.03   0.973  999.000  0.000
2011B_175832-178419_SingleEl_endcap   0.892   74.20   2.530  999.000  0.000
2011B_178420-999999_SingleEl_barrel   0.960   82.70   1.161  999.000  0.000
2011B_178420-999999_SingleEl_endcap   0.747   89.55   1.474  999.000  0.000
